cd stability_analysis/final5ns_avg
load 280K_50ns_last5ns_avg.pdb, md280
_ set_view (\
_     1.000000000,    0.000000000,    0.000000000,\
_     0.000000000,    1.000000000,    0.000000000,\
_     0.000000000,    0.000000000,    1.000000000,\
_     0.000000000,    0.000000000,  -50.000000000,\
_    50.443794250,   50.462142944,   50.454086304,\
_    40.000000000,  100.000000000,  -20.000000000 )
_ set_view (\
_     1.000000000,    0.000000000,    0.000000000,\
_     0.000000000,    1.000000000,    0.000000000,\
_     0.000000000,    0.000000000,    1.000000000,\
_     0.000000000,    0.000000000, -243.898666382,\
_    50.443794250,   50.462142944,   50.454086304,\
_   192.291564941,  295.505767822,  -20.000000000 )
cd ../..
cd AlphaFold_comparison/fold_3hw2_2
load fold_3hw2_2_model_0.cif, AF
_ set_view (\
_     1.000000000,    0.000000000,    0.000000000,\
_     0.000000000,    1.000000000,    0.000000000,\
_     0.000000000,    0.000000000,    1.000000000,\
_     0.000000000,    0.000000000, -243.898666382,\
_    -0.521888733,   -0.151977539,   -0.208160400,\
_   192.291564941,  295.505767822,  -20.000000000 )
_ set_view (\
_     1.000000000,    0.000000000,    0.000000000,\
_     0.000000000,    1.000000000,    0.000000000,\
_     0.000000000,    0.000000000,    1.000000000,\
_     0.000000000,    0.000000000, -230.112136841,\
_    -0.521888733,   -0.151977539,   -0.208160400,\
_   181.422164917,  278.802124023,  -20.000000000 )
hide everything
show cartoon
align AF, md280
color green, AF
color blue, md280
select interface_AF, AF and byres (chain A within 5 of chain B)
select interface_280, md280 and byres (chain A within 5 of chain B)
show sticks, interface_AF or interface_280
set stick_radius, 0.2
color green, interface_AF
color blue, interface_280
set cartoon_transparency, 0.6
bg_color white
set depth_cue, 0
orient AF
_ set_view (\
_     0.902913749,    0.102879167,    0.417327940,\
_     0.149309099,   -0.985542119,   -0.080084480,\
_     0.403055251,    0.134620234,   -0.905220330,\
_     0.000000000,    0.000000000, -230.112136841,\
_    -0.521888733,   -0.151977539,   -0.208160400,\
_   181.422164917,  278.802124023,  -20.000000000 )
_ set_view (\
_     0.902913749,   -0.102879129,   -0.417327940,\
_     0.149309099,    0.985542119,    0.080084570,\
_     0.403055251,   -0.134620309,    0.905220330,\
_     0.000000000,    0.000000000, -230.112136841,\
_    -0.521888733,   -0.151977539,   -0.208160400,\
_   181.422164917,  278.802124023,  -20.000000000 )
_ set_view (\
_     0.902913749,   -0.102879129,   -0.417327940,\
_     0.149309099,    0.985542119,    0.080084570,\
_     0.403055251,   -0.134620309,    0.905220330,\
_     0.000000000,    0.000000000, -230.112136841,\
_    50.383716583,   50.376361847,   50.423866272,\
_   181.422164917,  278.802124023,  -20.000000000 )
_ set_view (\
_     0.902913749,   -0.102879129,   -0.417327940,\
_     0.149309099,    0.985542119,    0.080084570,\
_     0.403055251,   -0.134620309,    0.905220330,\
_     0.000000000,    0.000000000, -222.933212280,\
_    50.383716583,   50.376361847,   50.423866272,\
_   175.762237549,  270.104187012,  -20.000000000 )
center AF
_ set_view (\
_     0.902913749,   -0.102879129,   -0.417327940,\
_     0.149309099,    0.985542119,    0.080084570,\
_     0.403055251,   -0.134620309,    0.905220330,\
_     0.000000000,    0.000000000, -222.933212280,\
_    50.383716583,   50.376361847,   50.423866272,\
_   175.762237549,  270.104187012,  -20.000000000 )
_ set_view (\
_     0.902913749,   -0.102879129,   -0.417327940,\
_     0.149309099,    0.985542119,    0.080084570,\
_     0.403055251,   -0.134620309,    0.905220330,\
_     0.000000000,    0.000000000, -222.933212280,\
_    50.383716583,   50.376361847,   50.423866272,\
_   175.762237549,  270.104187012,  -20.000000000 )
get_view
_ set_view (\
_     0.902913749,   -0.102879129,   -0.417327940,\
_     0.149309099,    0.985542119,    0.080084570,\
_     0.403055251,   -0.134620309,    0.905220330,\
_     0.000000000,    0.000000000, -222.933212280,\
_    50.383716583,   50.376361847,   50.423866272,\
_   175.762237549,  270.104187012,  -20.000000000 )
ray 2000,2000
png Figure2A_AF_280K.png, dpi=300
save Figure2A_AF_280K.pse
log_close
