cd stability_analysis/final5ns_avg
load 320K_50ns_last5ns_avg.pdb, md320
_ set_view (\
_     1.000000000,    0.000000000,    0.000000000,\
_     0.000000000,    1.000000000,    0.000000000,\
_     0.000000000,    0.000000000,    1.000000000,\
_     0.000000000,    0.000000000,  -50.000000000,\
_    50.783485413,   50.809165955,   50.777732849,\
_    40.000000000,  100.000000000,  -20.000000000 )
_ set_view (\
_     1.000000000,    0.000000000,    0.000000000,\
_     0.000000000,    1.000000000,    0.000000000,\
_     0.000000000,    0.000000000,    1.000000000,\
_     0.000000000,    0.000000000, -213.543685913,\
_    50.783485413,   50.809165955,   50.777732849,\
_   168.359466553,  258.727905273,  -20.000000000 )
cd ../..
cd AlphaFold_comparison/fold_3hw2_2
load fold_3hw2_2_model_0.cif, AF
_ set_view (\
_     1.000000000,    0.000000000,    0.000000000,\
_     0.000000000,    1.000000000,    0.000000000,\
_     0.000000000,    0.000000000,    1.000000000,\
_     0.000000000,    0.000000000, -213.543685913,\
_    -0.521888733,   -0.151977539,   -0.208160400,\
_   168.359466553,  258.727905273,  -20.000000000 )
_ set_view (\
_     1.000000000,    0.000000000,    0.000000000,\
_     0.000000000,    1.000000000,    0.000000000,\
_     0.000000000,    0.000000000,    1.000000000,\
_     0.000000000,    0.000000000, -230.112136841,\
_    -0.521888733,   -0.151977539,   -0.208160400,\
_   181.422164917,  278.802124023,  -20.000000000 )
hide everything
show cartoon
align AF, md320
color green, AF
color red, md320
select interface_AF, AF and byres (chain A within 5 of chain B)
select interface_320, md320 and byres (chain A within 5 of chain B)
show sticks, interface_AF or interface_320
set stick_radius, 0.2
color green, interface_AF
color red, interface_320
set cartoon_transparency, 0.6
bg_color white
set depth_cue, 0
orient AF
_ set_view (\
_     0.924532294,    0.113277420,    0.363879412,\
_     0.136875510,   -0.989794791,   -0.039640710,\
_     0.355675578,    0.086455308,   -0.930602252,\
_     0.000000000,    0.000000000, -230.112136841,\
_    -0.521888733,   -0.151977539,   -0.208160400,\
_   181.422164917,  278.802124023,  -20.000000000 )
_ set_view (\
_     0.924532294,   -0.113277391,   -0.363879412,\
_     0.136875510,    0.989794791,    0.039640795,\
_     0.355675578,   -0.086455390,    0.930602252,\
_     0.000000000,    0.000000000, -230.112136841,\
_    -0.521888733,   -0.151977539,   -0.208160400,\
_   181.422164917,  278.802124023,  -20.000000000 )
_ set_view (\
_     0.924532294,   -0.113277391,   -0.363879412,\
_     0.136875510,    0.989794791,    0.039640795,\
_     0.355675578,   -0.086455390,    0.930602252,\
_     0.000000000,    0.000000000, -230.112136841,\
_    51.132278442,   50.568546295,   50.222640991,\
_   181.422164917,  278.802124023,  -20.000000000 )
_ set_view (\
_     0.924532294,   -0.113277391,   -0.363879412,\
_     0.136875510,    0.989794791,    0.039640795,\
_     0.355675578,   -0.086455390,    0.930602252,\
_     0.000000000,    0.000000000, -228.670547485,\
_    51.132278442,   50.568546295,   50.222640991,\
_   180.285598755,  277.055480957,  -20.000000000 )
center AF
_ set_view (\
_     0.924532294,   -0.113277391,   -0.363879412,\
_     0.136875510,    0.989794791,    0.039640795,\
_     0.355675578,   -0.086455390,    0.930602252,\
_     0.000000000,    0.000000000, -228.670547485,\
_    51.132278442,   50.568546295,   50.222640991,\
_   180.285598755,  277.055480957,  -20.000000000 )
_ set_view (\
_     0.924532294,   -0.113277391,   -0.363879412,\
_     0.136875510,    0.989794791,    0.039640795,\
_     0.355675578,   -0.086455390,    0.930602252,\
_     0.000000000,    0.000000000, -228.670547485,\
_    51.132278442,   50.568546295,   50.222640991,\
_   180.285614014,  277.055480957,  -20.000000000 )
set_view (\
     0.891373277,   -0.119661562,   -0.437189907,\
     0.111436315,    0.992773771,   -0.044524137,\
     0.439358443,   -0.009031203,    0.898266554,\
     0.000005007,   -0.000005219, -243.898666382,\
    57.212425232,   51.151466370,   36.547019958,\
   192.291564941,  295.505767822,  -20.000000000 )
_ set_view (\
_     0.891373277,   -0.119661562,   -0.437189907,\
_     0.111436315,    0.992773771,   -0.044524137,\
_     0.439358443,   -0.009031203,    0.898266554,\
_     0.000000000,    0.000000000, -228.670547485,\
_    51.132278442,   50.568546295,   50.222640991,\
_   180.285614014,  277.055480957,  -20.000000000 )
_ set_view (\
_     0.891373277,   -0.119661562,   -0.437189907,\
_     0.111436315,    0.992773771,   -0.044524137,\
_     0.439358443,   -0.009031203,    0.898266554,\
_     0.000005007,   -0.000005219, -243.898666382,\
_    51.132278442,   50.568546295,   50.222640991,\
_   180.285614014,  277.055480957,  -20.000000000 )
_ set_view (\
_     0.891373277,   -0.119661562,   -0.437189907,\
_     0.111436315,    0.992773771,   -0.044524137,\
_     0.439358443,   -0.009031203,    0.898266554,\
_     0.000005007,   -0.000005219, -243.898666382,\
_    57.212425232,   51.151466370,   36.547019958,\
_   180.285614014,  277.055480957,  -20.000000000 )
ray 2000,2000
png Figure2C_AF_320K.png, dpi=300
save Figure2C_AF_320K.pse
log_close
