cd stability_analysis/final5ns_avg
load 300K_50ns_last5ns_avg.pdb, md300
_ set_view (\
_     1.000000000,    0.000000000,    0.000000000,\
_     0.000000000,    1.000000000,    0.000000000,\
_     0.000000000,    0.000000000,    1.000000000,\
_     0.000000000,    0.000000000,  -50.000000000,\
_    50.502479553,   50.602909088,   50.538116455,\
_    40.000000000,  100.000000000,  -20.000000000 )
_ set_view (\
_     1.000000000,    0.000000000,    0.000000000,\
_     0.000000000,    1.000000000,    0.000000000,\
_     0.000000000,    0.000000000,    1.000000000,\
_     0.000000000,    0.000000000, -218.126113892,\
_    50.502479553,   50.602909088,   50.538116455,\
_   171.972290039,  264.279937744,  -20.000000000 )
cd ../..
cd AlphaFold_comparison/fold_3hw2_2
load fold_3hw2_2_model_0.cif, AF
_ set_view (\
_     1.000000000,    0.000000000,    0.000000000,\
_     0.000000000,    1.000000000,    0.000000000,\
_     0.000000000,    0.000000000,    1.000000000,\
_     0.000000000,    0.000000000, -218.126113892,\
_    -0.521888733,   -0.151977539,   -0.208160400,\
_   171.972290039,  264.279937744,  -20.000000000 )
_ set_view (\
_     1.000000000,    0.000000000,    0.000000000,\
_     0.000000000,    1.000000000,    0.000000000,\
_     0.000000000,    0.000000000,    1.000000000,\
_     0.000000000,    0.000000000, -230.112136841,\
_    -0.521888733,   -0.151977539,   -0.208160400,\
_   181.422164917,  278.802124023,  -20.000000000 )
hide everything
show cartoon
align AF, md300
color green, AF
color yellow, md300
select interface_AF, AF and byres (chain A within 5 of chain B)
select interface_300, md300 and byres (chain A within 5 of chain B)
show sticks, interface_AF or interface_300
set stick_radius, 0.2
color green, interface_AF
color yellow, interface_300
set cartoon_transparency, 0.6
bg_color white
set depth_cue, 0
orient AF
_ set_view (\
_     0.908244193,    0.100625515,    0.406161219,\
_     0.154667988,   -0.982643783,   -0.102415666,\
_     0.388806194,    0.155838579,   -0.908044100,\
_     0.000000000,    0.000000000, -230.112136841,\
_    -0.521888733,   -0.151977539,   -0.208160400,\
_   181.422164917,  278.802124023,  -20.000000000 )
_ set_view (\
_     0.908244193,   -0.100625478,   -0.406161219,\
_     0.154667988,    0.982643783,    0.102415755,\
_     0.388806194,   -0.155838653,    0.908044100,\
_     0.000000000,    0.000000000, -230.112136841,\
_    -0.521888733,   -0.151977539,   -0.208160400,\
_   181.422164917,  278.802124023,  -20.000000000 )
_ set_view (\
_     0.908244193,   -0.100625478,   -0.406161219,\
_     0.154667988,    0.982643783,    0.102415755,\
_     0.388806194,   -0.155838653,    0.908044100,\
_     0.000000000,    0.000000000, -230.112136841,\
_    50.671413422,   50.685924530,   50.751228333,\
_   181.422164917,  278.802124023,  -20.000000000 )
_ set_view (\
_     0.908244193,   -0.100625478,   -0.406161219,\
_     0.154667988,    0.982643783,    0.102415755,\
_     0.388806194,   -0.155838653,    0.908044100,\
_     0.000000000,    0.000000000, -223.890304565,\
_    50.671413422,   50.685924530,   50.751228333,\
_   176.516815186,  271.263793945,  -20.000000000 )
center AF
_ set_view (\
_     0.908244193,   -0.100625478,   -0.406161219,\
_     0.154667988,    0.982643783,    0.102415755,\
_     0.388806194,   -0.155838653,    0.908044100,\
_     0.000000000,    0.000000000, -223.890304565,\
_    50.671413422,   50.685924530,   50.751228333,\
_   176.516815186,  271.263793945,  -20.000000000 )
_ set_view (\
_     0.908244193,   -0.100625478,   -0.406161219,\
_     0.154667988,    0.982643783,    0.102415755,\
_     0.388806194,   -0.155838653,    0.908044100,\
_     0.000000000,    0.000000000, -223.890304565,\
_    50.671413422,   50.685924530,   50.751228333,\
_   176.516815186,  271.263793945,  -20.000000000 )
set_view (\
     0.891373277,   -0.119661562,   -0.437189907,\
     0.111436315,    0.992773771,   -0.044524137,\
     0.439358443,   -0.009031203,    0.898266554,\
     0.000005007,   -0.000005219, -243.898666382,\
    57.212425232,   51.151466370,   36.547019958,\
   192.291564941,  295.505767822,  -20.000000000 )
_ set_view (\
_     0.891373277,   -0.119661562,   -0.437189907,\
_     0.111436315,    0.992773771,   -0.044524137,\
_     0.439358443,   -0.009031203,    0.898266554,\
_     0.000000000,    0.000000000, -223.890304565,\
_    50.671413422,   50.685924530,   50.751228333,\
_   176.516815186,  271.263793945,  -20.000000000 )
_ set_view (\
_     0.891373277,   -0.119661562,   -0.437189907,\
_     0.111436315,    0.992773771,   -0.044524137,\
_     0.439358443,   -0.009031203,    0.898266554,\
_     0.000005007,   -0.000005219, -243.898666382,\
_    50.671413422,   50.685924530,   50.751228333,\
_   176.516815186,  271.263793945,  -20.000000000 )
_ set_view (\
_     0.891373277,   -0.119661562,   -0.437189907,\
_     0.111436315,    0.992773771,   -0.044524137,\
_     0.439358443,   -0.009031203,    0.898266554,\
_     0.000005007,   -0.000005219, -243.898666382,\
_    57.212425232,   51.151466370,   36.547019958,\
_   176.516815186,  271.263793945,  -20.000000000 )
ray 2000,2000
png Figure2B_AF_300K.png, dpi=300
save Figure2B_AF_300K.pse
log_close
