load 280K_50ns_last5ns_avg.pdb, md280
_ set_view (\
_     1.000000000,    0.000000000,    0.000000000,\
_     0.000000000,    1.000000000,    0.000000000,\
_     0.000000000,    0.000000000,    1.000000000,\
_     0.000000000,    0.000000000,  -50.000000000,\
_    50.443794250,   50.462142944,   50.454086304,\
_    40.000000000,  100.000000000,  -20.000000000 )
_ set_view (\
_     1.000000000,    0.000000000,    0.000000000,\
_     0.000000000,    1.000000000,    0.000000000,\
_     0.000000000,    0.000000000,    1.000000000,\
_     0.000000000,    0.000000000, -243.898666382,\
_    50.443794250,   50.462142944,   50.454086304,\
_   192.291564941,  295.505767822,  -20.000000000 )
load 300K_50ns_last5ns_avg.pdb, md300
_ set_view (\
_     1.000000000,    0.000000000,    0.000000000,\
_     0.000000000,    1.000000000,    0.000000000,\
_     0.000000000,    0.000000000,    1.000000000,\
_     0.000000000,    0.000000000, -243.898666382,\
_    50.502479553,   50.602909088,   50.538116455,\
_   192.291564941,  295.505767822,  -20.000000000 )
_ set_view (\
_     1.000000000,    0.000000000,    0.000000000,\
_     0.000000000,    1.000000000,    0.000000000,\
_     0.000000000,    0.000000000,    1.000000000,\
_     0.000000000,    0.000000000, -218.126113892,\
_    50.502479553,   50.602909088,   50.538116455,\
_   171.972290039,  264.279937744,  -20.000000000 )
load 320K_50ns_last5ns_avg.pdb, md320
_ set_view (\
_     1.000000000,    0.000000000,    0.000000000,\
_     0.000000000,    1.000000000,    0.000000000,\
_     0.000000000,    0.000000000,    1.000000000,\
_     0.000000000,    0.000000000, -218.126113892,\
_    50.783485413,   50.809165955,   50.777732849,\
_   171.972290039,  264.279937744,  -20.000000000 )
_ set_view (\
_     1.000000000,    0.000000000,    0.000000000,\
_     0.000000000,    1.000000000,    0.000000000,\
_     0.000000000,    0.000000000,    1.000000000,\
_     0.000000000,    0.000000000, -213.543685913,\
_    50.783485413,   50.809165955,   50.777732849,\
_   168.359466553,  258.727905273,  -20.000000000 )
hide everything
show cartoon
align md300, md280
align md320, md280
color blue, md280
color yellow, md300
color red, md320
select interface_280, md280 and byres (chain A within 5 of chain B)
select interface_300, md300 and byres (chain A within 5 of chain B)
select interface_320, md320 and byres (chain A within 5 of chain B)
show sticks, interface_280 or interface_300 or interface_320
set stick_radius, 0.2
color blue, interface_280
color yellow, interface_300
color red, interface_320
set cartoon_transparency, 0.6
bg_color white
set depth_cue, 0
orient md280
_ set_view (\
_    -0.891373336,   -0.119661562,    0.437189817,\
_    -0.111436322,    0.992773771,    0.044524126,\
_    -0.439358354,   -0.009031203,   -0.898266613,\
_     0.000000000,    0.000000000, -213.543685913,\
_    50.783485413,   50.809165955,   50.777732849,\
_   168.359466553,  258.727905273,  -20.000000000 )
_ set_view (\
_     0.891373277,   -0.119661562,   -0.437189907,\
_     0.111436315,    0.992773771,   -0.044524137,\
_     0.439358443,   -0.009031203,    0.898266554,\
_     0.000000000,    0.000000000, -213.543685913,\
_    50.783485413,   50.809165955,   50.777732849,\
_   168.359466553,  258.727905273,  -20.000000000 )
_ set_view (\
_     0.891373277,   -0.119661562,   -0.437189907,\
_     0.111436315,    0.992773771,   -0.044524137,\
_     0.439358443,   -0.009031203,    0.898266554,\
_     0.000000000,    0.000000000, -213.543685913,\
_    50.443794250,   50.462142944,   50.454086304,\
_   168.359466553,  258.727905273,  -20.000000000 )
_ set_view (\
_     0.891373277,   -0.119661562,   -0.437189907,\
_     0.111436315,    0.992773771,   -0.044524137,\
_     0.439358443,   -0.009031203,    0.898266554,\
_     0.000000000,    0.000000000, -243.898666382,\
_    50.443794250,   50.462142944,   50.454086304,\
_   192.291564941,  295.505767822,  -20.000000000 )
center md280
_ set_view (\
_     0.891373277,   -0.119661562,   -0.437189907,\
_     0.111436315,    0.992773771,   -0.044524137,\
_     0.439358443,   -0.009031203,    0.898266554,\
_     0.000000000,    0.000000000, -243.898666382,\
_    50.443794250,   50.462142944,   50.454086304,\
_   192.291564941,  295.505767822,  -20.000000000 )
_ set_view (\
_     0.891373277,   -0.119661562,   -0.437189907,\
_     0.111436315,    0.992773771,   -0.044524137,\
_     0.439358443,   -0.009031203,    0.898266554,\
_     0.000000000,    0.000000000, -243.898666382,\
_    50.443794250,   50.462142944,   50.454086304,\
_   192.291564941,  295.505767822,  -20.000000000 )
ray 2000,2000
png Figure1D.png, dpi=300
save Figure1D.pse
log_close
